AL042004,CHARLEY,5
20040813, 0000,  , HU, 26.1N,  80.5W,  95, 954, 10,  7,  7,  7,  7,  7,  7,  7,  7,  7,  7,  7,  7,  7,  7,  7,
20040813, 0600,  , HU, 26.2N,  80.6W,  95, 953, 10,  7,  7,  7,  7,  7,  7,  7,  7,  7,  7,  7,  7,  7,  7,  7,
20040813,1200,  , HU, 26.4N,  80.7W, 110, 935, 10,  7,  7,  7,  7,  7,  7,  7,  7,  7,  7,  7,  7,  7,  7,  7,
20040813,1800,  , HU, 26.6N,  80.8W, 115, 924, 10,  7,  7,  7,  7,  7,  7,  7,  7,  7,  7,  7,  7,  7,  7,  7,
20040814, 0000,  , HU, 26.8N,  80.9W, 110, 931, 10,  7,  7,  7,  7,  7,  7,  7,  7,  7,  7,  7,  7,  7,  7,  7,
AL052004,FRANCES,8
20040902, 1200,  , HU, 25.5N,  78.0W,  65, 980, -99,  7,  7,  7,  7,  7,  7,  7,  7,  7,  7,  7,  7,  7,  7,  7,
20040903, 0000,  , HU, 25.8N,  78.5W,  80, 969, -99,  7,  7,  7,  7,  7,  7,  7,  7,  7,  7,  7,  7,  7,  7,  7,
20040903,1200,  , HU, 26.2N,  79.0W,  90, 957, -99,  7,  7,  7,  7,  7,  7,  7,  7,  7,  7,  7,  7,  7,  7,  7,
20040904, 0000,  , HU, 26.6N,  79.5W, 100, 942, -99,  7,  7,  7,  7,  7,  7,  7,  7,  7,  7,  7,  7,  7,  7,  7,
20040904,1200,  , HU, 27.0N,  80.0W,  95, 951, -99,  7,  7,  7,  7,  7,  7,  7,  7,  7,  7,  7,  7,  7,  7,  7,
20040905, 0000,  , HU, 27.5N,  80.5W,  85, 962, -99,  7,  7,  7,  7,  7,  7,  7,  7,  7,  7,  7,  7,  7,  7,  7,
20040905,1200,  , HU, 28.0N,  81.0W,  75, 971, -99,  7,  7,  7,  7,  7,  7,  7,  7,  7,  7,  7,  7,  7,  7,  7,
20040906, 0000,  , HU, 28.5N,  81.5W,  65, 980, -99,  7,  7,  7,  7,  7,  7,  7,  7,  7,  7,  7,  7,  7,  7,  7,
AL062004,JEANNE,7
20040913, 1200,  , HU, 26.0N,  78.5W,  65, 982, -99,  7,  7,  7,  7,  7,  7,  7,  7,  7,  7,  7,  7,  7,  7,  7,
20040914, 0000,  , HU, 26.5N,  79.0W,  75, 972, -99,  7,  7,  7,  7,  7,  7,  7,  7,  7,  7,  7,  7,  7,  7,  7,
20040914,1200,  , HU, 27.0N,  79.5W,  85, 961, -99,  7,  7,  7,  7,  7,  7,  7,  7,  7,  7,  7,  7,  7,  7,  7,
20040915, 0000,  , HU, 27.5N,  80.0W,  90, 956, -99,  7,  7,  7,  7,  7,  7,  7,  7,  7,  7,  7,  7,  7,  7,  7,
20040915,1200,  , TS, 28.0N,  80.5W,  50, 992, -99,  7,  7,  7,  7,  7,  7,  7,  7,  7,  7,  7,  7,  7,  7,  7,
20040916, 0000,  , TS, 28.5N,  81.0W,  45, 997, -99,  7,  7,  7,  7,  7,  7,  7,  7,  7,  7,  7,  7,  7,  7,  7,
20040916,1200,  , TD, 29.0N,  81.5W,  35, 999, -99,  7,  7,  7,  7,  7,  7,  7,  7,  7,  7,  7,  7,  7,  7,  7,
AL012005,ARLENE,3
20050702, 0600,  , HU, 27.2N,  76.5W,  65, 984, -99,  7,  7,  7,  7,  7,  7,  7,  7,  7,  7,  7,  7,  7,  7,  7,
20050702,1200,  , HU, 27.5N,  77.0W,  75, 974, -99,  7,  7,  7,  7,  7,  7,  7,  7,  7,  7,  7,  7,  7,  7,  7,
20050703, 0000,  , TS, 28.0N,  77.5W,  50, 994, -99,  7,  7,  7,  7,  7,  7,  7,  7,  7,  7,  7,  7,  7,  7,  7,
AL082017,IRMA,11
20170902, 0000,  , HU, 18.0N,  29.0W, 160, 914, -99,  7,  7,  7,  7,  7,  7,  7,  7,  7,  7,  7,  7,  7,  7,  7,
20170911, 1200,  , HU, 24.5N,  80.5W, 140, 929, -99,  7,  7,  7,  7,  7,  7,  7,  7,  7,  7,  7,  7,  7,  7,  7,
20170911,1800,  , HU, 24.8N,  80.2W, 115, 945, -99,  7,  7,  7,  7,  7,  7,  7,  7,  7,  7,  7,  7,  7,  7,  7,
20170912, 0000,  , HU, 25.2N,  79.8W, 100, 955, -99,  7,  7,  7,  7,  7,  7,  7,  7,  7,  7,  7,  7,  7,  7,  7,
20170912, 0600,  , HU, 25.6N,  79.4W,  90, 964, -99,  7,  7,  7,  7,  7,  7,  7,  7,  7,  7,  7,  7,  7,  7,  7,
20170912,1200,  , HU, 26.0N,  79.0W,  85, 971, -99,  7,  7,  7,  7,  7,  7,  7,  7,  7,  7,  7,  7,  7,  7,  7,
20170912,1800,  , HU, 26.4N,  78.6W,  80, 977, -99,  7,  7,  7,  7,  7,  7,  7,  7,  7,  7,  7,  7,  7,  7,  7,
20170913, 0000,  , HU, 26.8N,  78.2W,  75, 983, -99,  7,  7,  7,  7,  7,  7,  7,  7,  7,  7,  7,  7,  7,  7,  7,
20170913, 0600,  , TS, 27.2N,  77.8W,  55, 997, -99,  7,  7,  7,  7,  7,  7,  7,  7,  7,  7,  7,  7,  7,  7,  7,
20170913,1200,  , TS, 27.6N,  77.4W,  50, 999, -99,  7,  7,  7,  7,  7,  7,  7,  7,  7,  7,  7,  7,  7,  7,  7,
AL092022,IAN,5
20220923, 0000,  , HU, 26.5N,  82.0W, 140, 929, -99,  7,  7,  7,  7,  7,  7,  7,  7,  7,  7,  7,  7,  7,  7,  7,
20220923, 0600,  , HU, 26.8N,  81.5W, 135, 934, -99,  7,  7,  7,  7,  7,  7,  7,  7,  7,  7,  7,  7,  7,  7,  7,
20220923,1200,  , HU, 27.1N,  81.0W, 125, 942, -99,  7,  7,  7,  7,  7,  7,  7,  7,  7,  7,  7,  7,  7,  7,  7,
20220923,1800,  , HU, 27.4N,  80.5W, 110, 952, -99,  7,  7,  7,  7,  7,  7,  7,  7,  7,  7,  7,  7,  7,  7,  7,
20220924, 0000,  , HU, 27.7N,  80.0W,  90, 966, -99,  7,  7,  7,  7,  7,  7,  7,  7,  7,  7,  7,  7,  7,  7,  7,
AL022023,IDALIA,4
20230830, 0000,  , HU, 27.2N,  84.5W,  95, 960, -99,  7,  7,  7,  7,  7,  7,  7,  7,  7,  7,  7,  7,  7,  7,  7,
20230830, 0600,  , HU, 27.5N,  84.0W,  85, 969, -99,  7,  7,  7,  7,  7,  7,  7,  7,  7,  7,  7,  7,  7,  7,  7,
20230830,1200,  , HU, 27.8N,  83.5W,  75, 977, -99,  7,  7,  7,  7,  7,  7,  7,  7,  7,  7,  7,  7,  7,  7,  7,
20230830,1800,  , TS, 28.1N,  83.0W,  55, 994, -99,  7,  7,  7,  7,  7,  7,  7,  7,  7,  7,  7,  7,  7,  7,  7,